---
card_acts_001:
  id: 7316
  card_id: 1
  actor_id: 1
  acted_at: 2015-01-01 18:23:47.000000000 Z
  ip_address: 
card_acts_002:
  id: 7316
  card_id: 1255
  actor_id: 1
  acted_at: 2015-01-03 23:59:51.000000000 Z
  ip_address: 
