---
card_acts_001:
  id: 7316
  card_id: 1
  actor_id: 1
  acted_at: 2015-01-10 05:23:14.000000000 Z
  ip_address: 
card_acts_002:
  id: 7317
  card_id: 1255
  actor_id: 1
  acted_at: 2015-01-10 17:45:41.000000000 Z
  ip_address: 
